7.072064867	6.346852754	7.44775656
6.802782852	6.479773106	8.8201174
6.819027826	7.112608723	6.819362194
7.787201092	6.892618165	7.006405913
8.967417098	6.094202735	8.772461171
8.620819111	7.35215168	8.162801547
7.010635556	8.845600811	6.096849272
7.59293341	6.467389797	7.23963096
6.937766395	8.119878805	6.147217904
8.848417578	7.458890136	6.00655601
8.353355723	6.237908282	8.127243073
6.491068313	8.275975141	6.218011098
6.82423894	8.423305594	8.087937382
7.393779001	7.580742003	8.88693566
8.272720752	7.043774375	8.279008905
6.023638231	8.979142644	6.571340073
6.721359977	6.97323472	8.906970832
7.139109216	8.227887324	8.929277082
6.850011438	6.456479969	7.028509535
6.844013199	6.414805878	8.628139536
7.326346893	8.794908262	6.824705018
8.65768781	8.673564065	7.358771164
7.769567939	7.73661103	8.998248895
8.961068366	6.168129895	8.965710573
7.87653978	7.580121348	8.80717147
6.800628936	7.460572635	8.036876255
6.152631132	7.198874508	8.809003422
7.715331444	7.443647593	6.818864333
7.522704395	6.191599347	6.563440172
8.335749288	6.076116092	6.85439982
6.951096641	7.195175551	8.084388604
8.564767392	6.360446084	7.240575763
8.450866826	7.012951811	7.124069405
6.569263926	8.608243581	8.424880867
8.791486645	6.608711342	7.796422781
6.249958318	7.941577321	8.035095171
6.968722499	8.953761224	8.112533186
8.783806138	7.480917096	6.711434002
7.522266982	6.55501686	8.923852823
8.588590101	8.5091489	6.530108075
8.928636998	7.837559452	6.35274949
6.634944017	6.126300616	6.00804417
6.635917663	7.439307469	7.827345919
6.420233234	8.859193388	8.795838198
8.738473198	8.933663342	7.324711353
6.129743735	7.679042445	6.349328642
8.798816155	7.708724032	7.701067035
7.388518446	7.486411081	7.907633458
8.21581887	7.994876065	7.700308565
6.40514606	6.196135874	6.860087771
8.228740614	6.86526424	6.438363069
6.879616928	7.410373453	8.438117773
7.268484154	8.257025106	8.569496334
8.428781763	6.580656968	8.448451919
8.185224567	6.08027671	8.741132044
8.584077804	6.971108786	7.611722636
7.887985513	8.742828592	8.209703996
6.832584719	6.11484783	6.905727588
7.730613642	6.34950182	7.049128492
7.334775475	8.169223361	6.477024065
7.257478511	8.912141065	8.512553962
8.164890136	6.514520019	7.062072857
6.879527543	8.897266488	8.558396822
7.712320246	8.317969447	6.075122836
6.453187415	6.510227973	6.544675355
8.229949438	8.640501074	8.584948082
6.698433279	7.998180076	7.506797291
6.016900011	7.512755696	8.401650205
7.177048656	8.137279617	8.788875264
8.284159854	6.522246863	7.824133044
7.563175784	6.876505754	7.768446375
7.794284048	8.195487113	8.849443187
8.381610973	7.61297587	6.755319606
6.282621354	8.272193546	8.321065112
6.471548827	6.731033104	6.47381793
6.837773288	6.140837802	7.405525149
8.655942422	6.768171056	8.115394529
8.280625737	6.861664248	6.505748097
7.874092732	6.284371367	7.061543467
6.594075616	6.740756136	6.131710768
7.508186163	7.001681512	7.514447639
7.673088038	7.703337252	7.264213958
8.937513548	7.288019571	6.635521782
7.629027152	7.245269748	6.982569138
7.11696805	6.83953956	6.424656103
7.857704321	7.674343226	8.88313325
6.55900364	6.926217793	8.563156948
6.926319548	6.492058797	8.704235923
8.995965631	7.698780897	8.915510155
8.796019311	6.691128818	8.80344887
6.32778424	8.915840007	8.500904639
7.233263665	8.19693037	6.939688092
6.283110618	8.301003978	7.793684216
6.596729435	8.33672588	8.267866992
6.815605443	6.170729561	7.578344151
7.343975457	6.066418372	7.777607523
8.597330343	7.918382085	6.888230954
7.283974001	7.448704209	6.543328641
8.936250803	6.522022064	8.422714838
7.117139436	7.666068698	7.470569293
6.180379083	7.789356569	8.731705584
6.640603103	6.726113195	8.45622099
7.641576913	7.794172752	8.797134322
7.384826341	6.244742932	6.906284332
6.501650595	7.903491681	7.114362678
6.075144648	7.237544722	6.807122833
7.168175253	7.721551237	7.268205963
8.646273427	8.334676994	8.67165035
6.468989137	7.716158272	8.960857848
8.495075741	7.621956089	7.285130245
6.270192501	6.144591786	7.518898579
7.299082698	6.740610129	6.245744168
6.192259537	6.801519809	6.570287772
8.61499955	8.426499176	6.453065028
7.10288708	6.516965892	7.801879822
7.070799067	7.564143952	6.603621897
6.001337768	7.828771799	6.571617727
7.392021898	6.762834738	7.499304699
6.032788224	7.246780372	6.505155569
8.898965487	6.804978851	8.757361713
8.860336198	6.230487347	8.1796038
6.256282253	6.181658823	8.885711395
7.50422116	8.737275193	8.299266632
8.240886539	7.231856617	6.572490815
6.026941904	7.839663806	7.324347103
8.955217698	6.717189685	8.014169252
8.118821562	6.294048085	7.832455414
7.217063729	6.417163067	7.129283728
7.723332241	6.622889711	8.747011952
7.155709601	8.053514939	7.18310466
8.988564554	8.592040735	6.005320862
7.55384891	8.726195664	6.075045074
6.467560224	8.783248203	7.387860677
6.12465408	7.325762545	7.380782718
7.531356283	6.925667607	7.817860472
6.953468864	8.767663484	6.348679289
8.957789998	8.813781501	6.528660978
8.414467866	7.591640079	7.427595721
8.664974901	6.553314711	6.239121431
8.167585959	7.198017731	7.299284112
7.177474616	6.609882843	6.117731458
8.338882299	7.767272972	7.385628168
8.339588508	7.167862566	7.448203355
6.290390928	6.25325089	7.285606139
6.158587223	7.873525055	8.039561009
7.144204087	8.953157429	7.670919258
8.046286677	7.532837615	8.240603101
8.301671384	7.664931414	6.0417309
7.317119299	6.134337384	8.207182012
8.692269617	8.432608631	8.815718939
7.451503112	6.101285845	8.78713058
8.797957217	6.213797141	6.302440395
7.831992625	6.421720209	7.768869287
7.003399111	6.86034398	8.670456181
8.775118733	8.424736694	7.220354036
7.976602091	6.794521253	8.642907744
8.578325067	6.942773387	8.190062415
6.401213987	6.537422354	6.094335295
7.316641008	8.038457429	7.083765331
7.425173223	8.539508111	6.576170711
6.873529825	6.748070843	8.115234185
6.231150484	7.459408148	6.090709019
8.471102178	7.10137556	6.804883942
8.784132225	6.027574119	7.729007665
8.86850316	7.84870992	6.501810879
7.131096308	8.596064843	6.706107178
6.678254334	8.634232063	7.359872717
7.138088121	7.776564971	6.060689284
8.107904243	8.065486821	6.565338284
8.186380731	7.022700518	6.823795227
7.462288457	8.372044286	8.249497622
7.716384061	6.054393671	7.592169137
8.566784671	6.218101811	8.64885233
7.865332321	6.972355248	7.404083177
7.728735059	8.738611527	6.546365552
6.813190492	6.930294261	7.493471256
7.084719719	7.205134651	7.066626299
6.938866327	6.293412239	7.738513112
6.836739795	6.199956028	8.86904023
8.564745434	8.926699156	8.243564767
8.138631954	7.787535573	6.110625977
7.092380052	7.61554127	6.570581975
8.709688468	7.521174652	6.411511611
8.605731404	7.592851033	8.579674185
6.800707957	6.713668733	6.954812914
6.15299673	8.743236868	7.325484397
7.436201952	6.262813078	8.605152309
6.343480032	7.28347791	6.420481385
7.980117591	7.508101059	6.429102651
6.603738213	7.016437599	7.996110258
6.219340692	8.480247636	7.825212265
6.18746419	6.566293506	6.981448589
7.646080991	7.138717718	7.806031093
7.255708417	7.197954817	6.137583476
8.610344901	6.81694021	7.50258638
7.453571923	8.450403657	6.318138412
7.494792575	7.239594908	6.544823827
7.902165606	8.383477952	6.680806449
6.667090025	8.150567031	6.76245425
7.669336889	6.971403477	6.922605742
8.137110294	7.422248283	6.166001796
6.545329872	7.989647438	7.000064509
7.144972997	8.340308436	7.026230178
6.744087561	7.666484831	7.556032756
7.109682803	7.369789623	8.488662775
6.294387632	7.601641302	6.566169934
7.032336785	7.78860243	7.005628858
6.378609318	8.127354938	6.553582735
8.55797217	6.976697373	8.145832324
8.351204971	6.756464571	8.248845694
8.120841645	8.814177043	6.712452484
6.480355942	7.734634383	6.085412629
8.91780335	7.835552214	8.555615084
6.363079328	7.254595703	6.38149451
8.440359737	6.40604641	6.840493761
8.99081018	8.470848704	6.782679492
7.956355825	8.372723588	6.806339016
8.292524285	6.004764966	7.909243226
6.470189807	6.935590201	8.61753196
8.971077214	6.240459592	8.052590898
8.272281047	8.481833162	8.299387163
7.364976354	7.026599378	6.646435966
7.560212232	6.856110796	6.777373864
6.300156724	8.872366754	6.673411777
8.84103341	7.009783741	7.312855806
8.336031396	6.250027882	7.89145798
7.174913165	7.676593133	6.897618972
8.665132036	8.137448019	6.132162036
8.685618383	7.942898432	8.110811116
8.655587605	8.634518368	7.694641619
7.09123952	7.435745282	8.405761409
8.312001661	6.819114409	6.301701494
6.592068903	6.293940492	8.040599187
8.843179088	7.702839249	6.614366764
8.991228211	7.282266583	7.480875466
8.515980888	7.548003724	6.62021266
6.961096311	8.739370305	8.175097032
6.823605807	8.042177375	8.404157757
8.211567224	8.320455713	8.949213321
7.194595645	7.576701033	7.607579963
6.050320057	6.278760044	8.751198308
6.796605266	8.42279171	8.752175026
8.212427599	7.493463895	6.031235182
7.105183928	6.784775127	7.899039715
8.895582835	8.345771273	8.157374016
6.577780498	7.194898831	8.490535786
6.121507551	6.936127353	7.740917442
8.122406693	8.39710831	6.57045766
7.803710098	6.137364827	6.517470336
6.417259638	6.123502268	8.539075257
7.5703731	6.454447827	6.968447
7.616301158	6.94903536	8.357462236
7.175320288	8.405909887	7.215540816
7.985813855	8.381706263	6.183470488
7.230781246	7.64712048	8.702491076
7.959678322	6.203754555	7.292256196
6.751652973	6.393924588	7.717524938
6.873948683	6.720891244	8.189579831
7.045581435	6.767317107	6.507476652
8.20011727	7.673629161	7.097384828
7.861950181	6.823853004	6.984726698
7.729571775	6.653465364	8.826623157
7.044538012	6.503921516	7.04067381
7.739448291	6.162296566	8.847750114
6.834016404	8.748674241	6.13039244
7.551066233	6.286923018	7.362460751
6.195445729	8.230090046	6.920192726
8.264669955	6.450565085	8.771820958
6.217237196	6.639611056	8.903970657
6.713753182	7.09093059	8.012909729
8.623495698	6.100366879	8.859275315
6.098103483	6.186070995	7.74963179
8.785916544	6.440544784	8.582929012
8.131362549	8.188250892	8.692806756
7.711245195	7.01729707	7.59513419
7.243185681	6.994651067	6.9258246
7.403789061	7.951353787	8.854616029
6.192686602	6.473864569	8.404511702
8.159808638	8.945636213	7.235653159
6.461008028	8.767527092	8.313668855
8.957608448	8.150917483	8.782832911
8.085591912	7.053078301	8.835424957
6.752579401	6.990090487	6.26530073
7.984572495	8.311466901	8.445211715
7.944833014	8.329384147	8.103608685
8.562301613	6.420039385	6.697148825
6.988970387	8.711607417	6.694684951
7.267474733	7.551703995	8.936456261
8.27544781	7.227284616	7.373081382
7.633719331	8.997390849	6.124154928
7.047768881	6.764440766	7.689274119
8.935825571	6.975457612	8.447486763
7.138553118	8.151208693	6.258733895
8.619506862	8.26296538	7.560735796
6.146109187	8.833750007	7.663194636
6.893844589	8.666594293	7.202044809
6.221017322	7.722601942	8.479266395
7.897960551	8.490401379	7.974156359
6.542389546	8.93894432	8.112352707
6.118377498	8.641892368	7.884037264
6.446143913	8.106171297	6.075893325
6.33913009	8.069780833	8.522775562
6.747900265	8.5612956	7.215221535
8.337222394	8.364180547	7.796454629
6.098472978	7.804128214	6.990687308
7.012781506	7.056099771	7.320339805
6.433910721	6.022337641	8.956020744
6.511967845	7.374235905	7.552922788
7.682780964	7.764324749	7.331311959
6.338962559	7.8194401	7.820924023
6.102370157	8.67961422	7.297488215
6.267487401	8.237148935	8.562083077
8.514295598	8.493982298	7.416015214
6.7684689	7.342648016	7.518847659
6.055748458	8.215256898	8.974262693
6.421081693	6.225113363	7.866371482
6.859524873	6.54023363	6.08226301
8.600187302	7.973438588	7.123592642
8.348128481	7.608885632	6.321846983
6.871023977	8.930437229	7.846025041
6.576979969	8.723985964	6.137704757
6.66566696	7.401051635	6.977997551
8.676685991	7.801253962	6.794089309
7.865849229	8.108812135	6.568900584
6.649385696	6.701192148	6.326284337
7.583548987	6.443063284	8.373493907
7.878654031	7.718212743	7.294292268
8.17742173	8.311322783	6.23870302
6.902923152	8.03309456	8.727704124
7.639277574	7.543603696	8.342148813
8.026525466	8.103245115	8.002812645
8.519702985	8.500376391	7.507159027
7.551187077	6.196991025	6.658045004
7.514933717	6.662444574	8.116615503
7.939614699	7.743064232	7.481177838
6.25375074	8.522684489	7.705663314
6.003289254	8.180652419	7.214678348
8.728181131	7.449612632	7.091928942
8.998305523	7.054332435	7.250077944
8.205458375	7.423144603	8.71609457
8.080812762	7.747640754	7.499394054
7.443421572	8.196370106	6.220942938
7.131820789	7.118228658	6.414063428
8.454347357	6.00332006	8.398611179
6.794801969	7.820987693	8.573786368
7.863257757	6.285145878	8.978954183
6.091441262	8.274014594	7.97298072
8.825633902	7.661517803	6.111033125
6.210263151	7.730811155	8.541323447
7.603146489	7.889801017	6.78830101
7.544585082	6.893365721	6.684825993
8.677182603	7.388929406	7.12051796
6.310632413	8.006073847	8.839691561
8.760696233	6.911826157	6.921709845
7.504935909	8.343999939	7.997435026
6.175482273	8.832097473	8.403117553
6.542757517	7.291795043	7.475021388
8.660443913	7.063239485	7.608688456
7.859070906	6.927149754	7.937235888
6.765080486	7.485829566	8.12523914
7.477133505	8.155039106	8.374751002
7.092706651	6.846226525	6.841536233
7.920538769	8.789348337	7.280326301
7.001450954	8.876311483	6.763465044
8.892036988	6.569044377	8.485874096
6.526110557	8.680539106	7.981764816
6.137767702	6.264059062	8.318552155
8.823933762	7.707110159	6.8256326
6.858072616	6.471371166	8.778541184
6.328101579	8.823327165	6.912946475
8.77738978	6.646024186	8.888589365
6.604754451	7.770846808	6.476869495
7.814942014	6.247741835	6.519749466
6.680438122	6.324559241	7.118334186
8.086938441	6.698332691	6.858752771
6.570498948	6.681538607	6.340488469
7.821808676	7.487514525	6.023332835
6.93495677	7.019701563	8.850634785
6.653155176	6.65217842	6.564406908
8.381743141	7.918372502	6.452092403
7.871331342	8.712103098	6.957610353
7.321757807	8.735912155	8.124296008
7.434865062	7.990047587	8.320464099
6.058898157	8.073999091	7.337960764
8.037561048	8.600260045	7.709352712
8.879945035	6.834013091	6.229066308
8.553788392	8.178087009	8.352049155
8.70909773	7.723400411	6.579082849
8.232263777	6.711576384	7.392102333
8.515773695	8.187611731	8.688853472
7.48804675	6.453295393	6.273852358
7.10895883	8.159692357	8.903515854
6.168203574	7.773005813	7.106555619
8.821777077	8.549888582	6.960596464
6.688157237	8.501378472	6.437127042
8.113665094	7.404100817	7.612039667
8.728303364	6.155594749	7.612610127
6.863883575	7.828688154	8.966377945
6.463090599	6.32789799	7.815566617
6.989907755	7.420186091	7.412216129
6.005140908	6.527266354	8.439033556
7.412519235	7.306896574	8.225065798
7.161121741	8.224258222	8.671626014
8.617825898	7.499401354	7.07369838
6.058422625	7.26279876	6.818516094
8.749404756	8.182396683	8.77975617
7.943798719	7.890294917	6.567843067
7.348985074	8.046421842	6.239816224
8.705303494	7.318989673	6.246993847
8.75132341	6.070273988	7.209724079
8.00692255	8.687405515	7.931869254
8.711916835	6.458914204	8.462024176
6.127452818	6.975859184	8.744272006
6.071419929	8.254311156	6.384071894
6.757046812	6.823918922	7.80123186
7.144828978	7.671329336	8.293706247
7.316172914	8.610652318	6.216540424
6.316793758	8.985389975	7.143146681
8.510419231	7.538955533	8.931014692
8.869696338	7.470615107	6.344782212