OLIVER 8 7 10 10 7 10 8 8 9 9 10 1994768
JACK 10 7 7 9 9 9 7 10 8 7 10 1149532
HARRY8 10 10 7 9 9 10 7 9 9 10 1353538
GEORGE9 9 7 9 10 7 9 9 10 8 8 1859713
JACOB 9 9 9 9 9 10 7 7 8 8 10 1930915
CHARLIE 10 10 10 9 9 9 8 9 9 8 7 1080506
NOAH 10 7 8 7 7 7 10 7 10 7 7 1376699
WILLIAM 9 9 7 9 8 10 7 9 10 8 8 1679830
THOMAS 8 10 10 8 8 8 10 7 7 8 8 1533059
OSCAR 8 8 9 10 7 7 10 7 10 8 10 1085905
JAMES 8 8 8 10 8 8 7 7 9 9 8 1935981
MUHAMMAD 9 7 7 7 9 9 9 9 10 9 8 1858962
HENRY 8 10 7 8 10 8 10 7 10 9 10 1894094
ALFIE 7 10 9 8 7 7 8 7 10 7 9 1001117
LEO 9 10 8 8 7 10 9 9 8 7 10 1243752
JOSHUA 7 7 7 10 7 9 10 10 7 9 10 1228316
FREDDIE7 8 7 8 10 10 10 10 10 8 8 1647175
ETHAN 9 10 9 9 10 7 8 7 9 8 9 1520580
ARCHIE 9 9 10 8 10 7 8 9 7 9 7 1806086
ISAAC 10 8 9 10 8 10 8 10 7 7 7 1124635
JOSEPH 10 8 8 10 7 8 10 9 10 8 7 1986750
ALEXANDER 8 8 7 9 8 7 10 9 10 7 10 1456774
SAMUEL 9 9 9 9 9 7 10 9 7 8 7 1031676
DANIEL 9 9 9 7 10 8 7 7 9 10 9 1796349
LOGAN 7 7 9 8 9 9 8 8 7 10 10 1853504
EDWARD 7 10 8 7 7 10 8 9 10 7 9 1936503
LUCAS 7 8 10 9 8 8 10 7 7 9 9 1605269
MAX 9 7 7 10 8 10 10 9 8 8 8 1613687
MOHAMMED 9 7 10 9 9 10 10 9 8 10 10 1147817
BENJAMIN 10 7 7 7 8 10 7 7 7 7 9 1289965
MASON 7 8 7 10 10 10 9 10 7 8 8 1428033
HARRISON 7 10 8 7 10 10 8 10 8 7 9 1048511
THEO 10 8 10 8 9 7 10 8 10 8 9 1564351
JAKE 7 7 8 7 7 10 9 8 8 8 9 1497586
SEBASTIAN 10 9 8 8 9 7 9 10 9 10 10 1646755
FINLEY 10 10 10 8 9 9 7 7 8 9 10 1464343
ARTHUR 7 10 10 7 9 7 9 9 9 8 8 1657854
ADAM 7 10 10 8 8 8 9 8 8 7 10 1391223
DYLAN 8 7 10 8 10 8 9 9 9 9 9 1373560
RILEY 9 8 10 9 8 8 10 9 9 10 10 1329162
ZACHARY 9 8 8 8 9 8 7 7 10 8 8 1348221
TEDDY 8 9 8 8 10 9 10 10 8 8 10 1866458
DAVID 8 8 10 8 10 8 7 10 10 8 8 1059991
TOBY 8 8 9 10 9 7 10 9 9 8 9 1514751
THEODORE 9 8 7 7 10 10 7 7 10 9 7 1108251
ELIJAH 8 10 10 8 8 10 8 8 7 8 8 1815363
MATTHEW 10 10 7 9 8 10 7 9 10 9 9 1287452
JENSON 7 7 10 7 10 9 9 9 10 7 8 1368949
JAYDEN 8 7 9 10 8 9 9 10 10 10 8 1871522
HARVEY 9 10 10 8 8 8 9 10 10 10 9 1507587
REUBEN 10 9 9 7 7 7 9 8 9 9 8 1856557
HARLEY 8 10 8 8 7 9 10 9 10 7 8 1482067
LUCA 8 8 8 10 7 9 9 8 8 8 10 1636843
MICHAEL 9 9 10 7 10 7 10 9 8 9 9 1803207
HUGO 8 9 8 7 8 10 7 8 8 7 8 1293485
LEWIS 10 10 10 7 8 7 9 9 9 7 7 1038977
FRANKIE 10 8 8 10 7 8 8 10 8 7 7 1444407
LUKE 9 7 7 9 10 8 8 8 10 7 9 1286330
STANLEY 10 7 8 10 7 10 10 9 9 8 8 1203895
TOMMY 9 7 9 9 8 9 9 10 9 10 10 1069929
JUDE 10 10 9 7 10 9 9 7 9 9 10 1691345
BLAKE 8 7 8 7 10 7 9 7 8 10 10 1127029
LOUIE 9 9 7 7 10 9 10 8 7 10 8 1994451
NATHAN 8 10 9 8 9 8 9 8 7 9 7 1314376
GABRIEL 10 8 8 8 10 8 9 8 8 9 9 1960716
CHARLES 8 9 10 7 9 10 7 9 10 10 8 1756974
BOBBY 10 8 9 7 7 9 8 7 10 8 8 1505215
MOHAMMAD 7 7 8 9 7 8 9 9 10 7 9 1596107
RYAN 7 9 8 10 8 8 10 9 10 7 10 1246536
TYLER 7 7 8 8 7 8 9 7 10 10 7 1952537
ELLIOTT 9 9 8 8 9 10 8 8 9 7 7 1864188
ALBERT 10 9 7 9 9 9 7 9 10 8 7 1535159
ELLIOT 7 7 10 8 9 10 7 9 8 8 7 1063621
RORY 8 8 9 7 10 8 9 9 10 9 7 1474861
ALEX 8 10 8 8 7 10 7 8 7 8 8 1407136
FREDERICK 8 7 10 7 7 10 10 10 9 9 10 1445870
OLLIE 7 7 9 7 7 7 8 7 10 7 7 1400380
LOUIS 8 9 10 7 7 8 9 10 10 7 8 1268886
DEXTER 10 7 8 9 7 10 7 7 7 7 10 1515988
JAXON 10 7 10 9 7 10 9 9 9 7 7 1858219
LIAM 7 8 10 7 9 9 7 8 7 9 10 1436070
JACKSON 8 9 9 7 7 7 10 8 8 8 9 1879358
CALLUM 7 8 9 10 7 7 7 7 8 7 7 1080384
RONNIE 7 10 8 10 8 10 9 7 10 9 10 1029279
LEON 9 7 7 10 10 10 8 8 7 10 8 1170584
KAI 8 8 10 10 7 7 7 8 10 9 8 1220616
AARON 9 8 8 8 10 10 10 9 9 10 10 1945998
ROMAN 7 7 8 7 7 9 8 7 10 7 9 1155736
AUSTIN 8 8 7 7 9 10 10 7 10 8 7 1608614
ELLIS 9 7 9 10 10 9 9 8 8 10 8 1864985
JAMIE 7 10 10 10 7 9 7 10 8 10 8 1653536
REGGIE 8 7 10 7 10 7 9 8 7 10 9 1506659
SETH 10 7 7 8 9 10 10 7 7 7 10 1122185
CARTER 9 9 7 7 8 7 9 10 8 7 9 1946787
FELIX 8 7 9 8 10 8 9 7 8 8 9 1989990
IBRAHIM 9 9 10 10 7 9 7 8 10 7 8 1140506
SONNY 10 7 8 8 10 9 9 9 9 9 8 1279536
KIAN 8 9 10 7 10 9 10 9 8 10 7 1159805
CALEB 8 9 7 10 8 7 10 9 10 10 9 1089032
CONNOR 7 10 9 7 10 10 9 8 7 8 8 1016021
OWEN 8 8 9 7 8 8 7 10 8 10 9 1218485
ARLO 9 7 7 10 8 9 9 8 9 9 8 1521448
DOMINIC 8 9 9 8 7 9 10 7 10 9 7 1329230
JASPER 8 7 10 10 7 8 10 10 10 8 8 1276926
ROBERT 10 7 10 10 7 10 9 10 7 7 8 1341940