PHILIP 10 9 10 10 8 10 8 10 10 1046300
ISA 10 7 10 8 8 8 7 9 7 1695485
PHOENIX 7 8 10 10 8 8 8 9 9 1999770
SZYMON 9 9 9 10 8 10 8 10 10 1723080
ALEKSANDER 8 7 10 9 10 9 10 8 10 1624876
ASTON 8 9 9 9 7 8 10 10 9 1081416
AADAM 8 9 7 10 7 10 7 9 7 1773700
BENTLEY 8 10 7 9 8 9 8 8 10 1767210
HARRI 7 10 9 8 10 7 8 7 9 1704144
MICAH 8 9 9 8 8 7 9 10 7 1628195
SAMI 7 10 10 8 8 9 8 8 9 1247546
TROY 9 8 8 8 7 9 8 7 8 1228917
WYATT 8 9 8 8 10 8 10 7 8 1145707
JEREMIAH 9 9 10 8 10 8 10 10 10 1732458
JIMMY 7 10 10 7 9 10 10 9 8 1286308
JAIDEN 7 9 10 8 9 10 9 10 8 1971728
MILAN 8 10 9 7 8 10 10 7 9 1145952
RUDY 7 10 8 7 9 8 7 9 9 1814634
AMIR 9 10 8 7 7 8 8 10 7 1085200
BILAL 7 10 10 10 10 10 7 10 9 1745277
REMY 9 9 8 10 7 9 8 10 9 1970353
ARCHER 7 8 10 9 8 8 9 7 7 1205974
TOMAS 10 8 10 9 7 8 7 9 9 1007775
CAIDEN 10 7 10 7 10 8 8 7 10 1246074
TEDDIE 9 10 8 7 10 8 8 9 10 1358897
BENEDICT 8 9 10 8 7 7 10 8 10 1404486
BROOKLYN 8 9 7 7 9 10 7 9 10 1720701
FRANKLIN 9 10 9 8 8 8 7 7 7 1669346
CONOR 8 10 7 9 9 8 10 10 7 1992864
SIMON 10 10 9 10 9 8 9 9 8 1999434
HUGH 9 9 7 8 8 10 9 10 7 1597618
ROMEO 8 8 10 9 7 9 8 9 9 1808610
JOSH 7 10 7 10 8 9 7 9 7 1539628
LUKA 7 9 9 8 9 10 8 9 9 1657358
TIMOTHY 7 9 10 10 8 7 9 10 8 1462840
DENIS 9 9 7 10 10 8 8 8 10 1442806
STEFAN 10 9 10 7 9 9 10 8 8 1427012
NIALL 7 10 7 8 8 9 8 8 9 1325489
MIKOLAJ 10 7 8 7 8 9 7 10 9 1527040
KALEB 9 8 9 10 8 10 10 8 7 1552214
KIT 7 10 9 10 7 8 8 9 10 1460584
STEPHEN 9 10 10 7 9 7 10 7 8 1611320
MYLO 9 8 8 9 10 9 9 10 7 1078147
NIKODEM 9 9 9 10 8 7 10 8 10 1342223
TATE 10 8 9 9 8 7 7 7 8 1279883
MATTEO 7 10 8 9 10 10 7 10 10 1371449
LUIS 10 7 9 8 7 7 8 9 7 1107745
AXEL 10 10 7 10 8 8 7 10 8 1055811
FINNLEY 10 8 8 9 9 7 10 9 8 1163874
IBRAHEEM 7 9 7 10 7 9 8 8 9 1186545
LACHLAN 7 8 8 8 7 8 10 8 10 1584575
ZAYD 10 7 9 8 9 9 8 10 9 1164531
ASHLEY 8 10 10 7 9 9 10 7 8 1509416
DENNIS 10 9 7 7 10 7 8 10 9 1940867
KANE 9 10 7 10 10 8 7 9 9 1051779
DOUGIE 10 8 7 10 9 8 8 10 7 1267655
NOEL 10 8 8 9 10 7 10 9 10 1053187
ILYAS 10 10 7 8 10 10 7 10 7 1363391
LAWRENCE 8 8 7 8 10 9 9 8 8 1987847
MONTGOMERY 7 8 7 9 7 7 8 7 7 1984482
OLIVIER 9 9 8 8 10 8 8 10 7 1795182
HENLEY 7 10 8 7 7 8 8 7 7 1262264
ZACHARIAH 7 8 7 8 7 9 8 7 8 1259572
JAC 7 7 10 8 8 7 8 9 7 1990448
LAURENCE 8 9 7 8 9 10 7 7 7 1674577
NATE 10 8 7 9 8 7 10 9 10 1999115
RONAN 7 10 7 9 10 8 10 7 9 1927338
BRIAN 10 7 7 10 7 9 7 8 7 1760075
CARSON 7 10 8 7 9 9 10 10 7 1428491
ARON 9 10 10 9 8 8 9 9 9 1315581
JACE 8 9 9 8 7 8 7 7 7 1225572
HEATH 8 10 8 9 9 7 10 8 9 1600179
CAELAN 10 7 7 8 9 9 10 8 8 1804666
FRANCISZEK 10 8 9 7 9 8 8 9 8 1454185
AYAN 8 9 8 8 7 8 10 9 8 1641623
BRAYDEN 9 7 8 8 7 10 8 10 8 1019950
BRUNO 8 7 9 7 10 9 10 10 8 1092470
HUSSAIN 8 10 8 7 7 7 7 10 9 1236091
ISMAEEL 9 7 9 9 10 9 8 10 7 1158093
RIVER 8 9 10 8 9 10 7 10 8 1830858
WALTER 10 8 10 10 8 8 8 7 10 1834024
DIEGO 7 7 9 7 8 10 10 10 9 1377519
SCOTT 10 7 8 10 10 7 8 7 7 1036586
DARIUS 8 9 9 10 7 8 7 10 9 1914678
EZEKIEL 9 8 10 9 7 9 10 9 9 1089163
HAMISH 9 7 10 8 8 9 9 10 8 1683177
IOAN 7 10 10 7 10 7 10 9 8 1531221
STEVEN 10 10 7 9 10 7 9 8 10 1094746
ALISTAIR 7 9 9 8 8 7 8 9 10 1162789
CILLIAN 8 7 9 9 9 10 10 9 9 1039929
CRUZ 8 8 7 7 9 8 10 7 9 1183268
DEACON 9 10 7 8 10 7 10 9 10 1980630
ERIK 7 10 9 8 7 7 9 8 9 1771378
MAGNUS 8 10 8 8 10 7 8 10 7 1185923
LEYTON 7 7 9 10 7 9 7 10 7 1743769
REGAN 7 7 10 7 9 10 7 9 7 1475244
SANTIAGO 8 10 8 7 7 7 9 10 7 1625740
ZAKARIA 10 10 9 9 8 8 7 9 10 1891167
CLARK 8 9 8 10 7 8 7 9 10 1667052
KOBI 9 7 9 7 7 10 9 10 9 1488120
ANTONIO 7 7 10 10 10 9 7 8 10 1098164
CALVIN 10 8 9 7 7 7 8 8 10 1609039
LAWSON 7 7 9 10 9 8 10 10 9 1473698
MAXIM 7 8 10 8 9 8 9 9 7 1047260
DAWID 8 7 10 7 7 9 8 10 8 1765755