ZAKARIYA 9 10 8 8 9 9 7 9 7 1364637
BRANDON 8 9 8 10 10 9 8 10 10 1091983
REX 9 9 10 8 7 7 9 7 7 1338326
CHRISTIAN 7 7 8 7 9 9 10 7 8 1886520
OSKAR 7 8 8 7 7 9 7 9 10 1048919
RAYYAN 8 9 10 8 7 10 8 7 10 1031114
JAX 7 10 9 9 9 10 9 10 9 1786109
OMAR 8 10 10 10 9 9 8 8 7 1408215
CHASE 8 7 8 8 9 8 8 10 7 1428405
ZAYN 8 9 9 10 10 7 7 9 9 1509428
FREDDY 10 10 7 10 10 9 8 8 9 1889846
LENNY 7 8 7 10 8 10 9 8 10 1730756
MARCEL 10 8 10 8 7 10 8 8 10 1911063
ROHAN 7 9 10 8 10 7 8 10 9 1710562
ZAK 9 10 9 10 9 8 8 7 8 1486438
EESA 10 8 8 9 10 8 9 9 8 1054872
REECE 8 10 10 8 7 10 10 10 10 1367903
FLETCHER 10 10 9 7 8 8 8 7 9 1810080
ROBIN 10 9 7 8 7 10 7 9 9 1223812
SIDNEY 10 10 8 10 7 9 8 8 8 1839699
CHESTER 10 7 9 10 8 7 7 9 7 1625212
MUSTAFA 8 10 9 10 8 7 10 9 8 1024760
RAPHAEL 10 9 8 10 9 7 7 7 7 1450063
DANNY 8 10 7 8 9 9 9 9 9 1653639
DOMINIK 10 10 7 8 8 8 8 9 10 1585075
FRANCIS 10 9 8 10 7 9 9 9 8 1440491
JAY 10 10 8 9 10 8 10 10 8 1132467
ANTONI 7 10 10 7 8 9 8 9 10 1636446
EMMANUEL 9 10 8 9 9 10 9 9 9 1919346
FRASER 8 8 7 8 10 10 7 7 7 1799053
LUKAS 7 7 10 7 8 9 7 8 7 1775902
MARTIN 7 7 7 10 7 9 8 10 10 1065346
ISAIAH 8 7 9 10 7 7 10 8 7 1113519
ADRIAN 7 8 7 8 8 7 7 9 7 1045055
DECLAN 7 7 7 7 8 10 8 10 8 1198188
EDDIE 7 9 10 10 9 9 7 7 7 1602640
EWAN 9 7 9 8 9 10 7 8 8 1837664
MARK 8 8 8 7 10 10 10 10 10 1266666
VICTOR 7 9 9 7 10 7 10 9 10 1092767
RUFUS 8 7 9 8 10 9 8 10 9 1514094
JAN 10 8 8 8 7 8 9 8 9 1578346
TOM 10 7 9 10 9 9 8 7 8 1407075
UMAR 8 9 7 9 9 8 9 10 8 1726526
OTTO 8 10 10 8 9 9 8 10 7 1733354
LEONARD 10 7 9 8 7 7 10 8 7 1237031
RICHARD 10 9 10 9 7 7 8 8 9 1107676
ARYAN 10 10 9 9 8 7 8 9 10 1676096
ISMAIL 8 10 8 8 8 9 8 7 8 1764098
OTIS 7 10 9 9 8 9 9 8 9 1804088
RAFAEL 8 7 10 8 9 8 9 10 7 1119418
CASEY 7 8 10 9 8 8 9 7 8 1562396
HASSAN 9 8 10 10 9 8 10 7 10 1743665
SHAY 10 10 7 10 8 8 9 7 10 1833340
AHMAD 7 9 8 10 8 9 10 8 8 1037604
MALACHI 7 10 8 9 7 7 9 8 8 1880908
ZACH 7 8 8 7 9 8 10 9 8 1617116
RIO  9 7 9 9 10 9 10 10 8 1737435
KIERAN  9 8 8 10 10 9 7 10 9 1010695
PRESTON  7 7 8 10 7 7 8 9 7 1992858
FABIAN  9 8 8 7 10 9 7 10 7 1837933
LENNON  7 7 8 8 9 10 8 7 8 1644195
JULIAN  10 10 10 7 8 7 9 9 8 1003047
HARRIS  9 9 9 10 8 9 10 9 10 1341875
TRAVIS  8 8 7 10 7 8 8 8 8 1695447
JOSIAH  10 8 7 10 10 10 10 10 7 1816065
NICOLAS  7 8 9 10 8 9 8 8 10 1111334
BRODIE  10 7 8 9 7 10 8 9 9 1126152
LORENZO  9 9 10 7 8 8 7 9 10 1300733
XANDER  9 7 8 10 9 7 10 10 8 1866333
IDRIS  8 9 10 9 10 10 8 10 7 1825794
CASPER  7 10 8 9 7 7 9 8 9 1052130
RAFE  8 7 10 10 9 10 9 10 9 1428506
JUNIOR  8 7 8 7 8 9 8 8 8 1421736
ASHER  7 7 8 10 9 10 9 8 8 1209256
SEAN  10 10 10 8 10 10 8 10 9 1578614
PAUL  7 9 10 9 7 9 10 8 10 1957852
AARAV  7 7 7 7 8 9 10 9 8 1891399
NICO  8 7 7 7 10 8 8 7 8 1242353
RAFFERTY  10 8 10 9 7 10 8 7 8 1822381
ABEL  10 7 9 7 9 9 9 8 10 1651383
IVAN  10 10 7 9 8 9 10 7 8 1824264
OSIAN  8 10 8 10 10 8 10 9 9 1821737
NATAN  8 10 10 7 7 10 9 8 7 1170054
QUINN  8 9 7 8 10 7 9 8 10 1155003
ARJUN  9 8 7 8 9 9 10 10 7 1656278
SOLOMON  9 7 10 8 8 10 9 7 7 1509792
COHEN  9 7 10 7 7 7 10 7 9 1822554
DAMIAN  8 9 8 8 9 8 8 10 8 1445817
COBY  9 7 9 10 10 9 7 7 7 1448260
HECTOR  10 10 9 9 8 10 9 9 8 1218503
MARSHALL  8 10 8 7 9 9 7 9 10 1899881
ANGUS  10 7 10 10 7 8 7 7 8 1690648
BUDDY  8 8 10 10 10 7 8 7 7 1827467
EDEN  10 8 9 8 7 8 10 10 10 1115447
BERTIE  7 7 7 9 7 7 9 10 9 1418845
BODHI  8 7 10 9 9 8 9 9 10 1255389
DOUGLAS  7 9 7 8 9 10 9 7 7 1006675
MONTY  9 9 7 10 7 7 10 9 7 1219385
CIAN  9 8 10 10 10 10 10 10 9 1211044
EUAN  8 7 10 10 8 7 8 8 10 1774684
HARIS  9 9 9 8 7 9 8 10 9 1779369
AYDEN  7 9 10 7 7 8 10 8 9 1153170
ENZO  8 9 10 8 8 10 10 9 7 1206792
ERNEST  8 9 10 10 7 9 8 10 9 1571015
LOCHLAN  7 9 9 8 10 7 10 8 10 1816571