OLIVER 8 7 10 9 8 10 10 7 8 1156531
JACK 8 9 10 7 7 10 10 7 10 1605741
HARRY 9 9 7 10 8 9 8 8 10 1523501
GEORGE 10 9 9 7 7 10 9 7 7 1036223
JACOB 10 7 9 10 9 10 7 9 10 1056307
CHARLIE 8 9 9 10 7 8 8 9 8 1097531
NOAH 7 10 7 7 7 8 10 9 10 1546253
WILLIAM 9 10 8 8 8 8 10 7 7 1386037
THOMAS 8 9 10 10 9 7 9 9 10 1179399
OSCAR 7 8 7 8 7 7 7 9 9 1762970
JAMES 8 9 10 10 9 10 7 10 10 1767982
MUHAMMAD 10 9 8 9 9 10 8 7 8 1388124
HENRY 7 9 8 7 10 10 9 9 9 1412835
ALFIE 7 8 7 7 7 8 9 7 10 1477831
LEO 10 7 9 8 9 10 8 7 9 1975416
JOSHUA 10 7 8 8 7 10 10 9 8 1648870
FREDDIE 8 9 8 10 7 10 9 9 8 1946513
ETHAN 10 9 10 10 8 7 10 9 10 1192129
ARCHIE 8 7 7 8 9 10 10 7 8 1277560
ISAAC 8 9 10 9 10 7 7 10 9 1371822
JOSEPH 10 10 8 9 7 10 9 10 8 1153993
ALEXANDER 9 10 7 7 9 9 9 9 9 1597899
SAMUEL 10 10 8 10 7 8 7 8 7 1392908
DANIEL 7 7 8 10 9 8 8 8 8 1535377
LOGAN 10 7 10 9 10 8 10 8 9 1275097
EDWARD 9 10 9 10 7 7 8 9 10 1219509
LUCAS 7 9 8 7 9 8 8 7 7 1601763
MAX 8 8 9 7 9 8 7 8 8 1091556
MOHAMMED 8 8 7 7 9 8 9 7 9 1110217
BENJAMIN 8 9 7 8 10 9 9 7 9 1762017
MASON 9 7 7 9 9 9 10 10 7 1444048
HARRISON 10 9 9 8 10 7 10 9 9 1909768
THEO 10 7 10 10 9 10 8 9 10 1326375
JAKE 9 9 10 8 9 9 7 8 9 1960542
SEBASTIAN 9 9 9 9 8 8 10 10 7 1573191
FINLEY 9 7 10 8 10 10 10 9 9 1664816
ARTHUR 7 10 8 9 10 8 9 7 8 1572074
ADAM 9 10 8 10 10 10 8 10 10 1538178
DYLAN 10 7 8 10 7 9 8 8 8 1175037
RILEY 7 9 10 9 9 10 9 10 7 1947009
ZACHARY 8 9 10 7 8 10 9 9 9 1498239
TEDDY 9 8 7 7 8 9 7 9 7 1505539
DAVID 10 9 8 7 7 10 8 7 9 1442049
TOBY 7 10 8 9 8 7 9 8 9 1011231
THEODORE 8 7 9 8 7 8 9 9 9 1610905
ELIJAH 10 7 9 8 10 7 9 10 9 1883254
MATTHEW 10 7 9 9 8 7 9 8 9 1004436
JENSON 9 10 8 8 10 7 10 7 10 1757762
JAYDEN 7 10 10 8 10 9 9 9 8 1520321
HARVEY 8 7 10 9 10 10 7 10 8 1495863
REUBEN 7 10 8 10 10 10 7 8 8 1192501
HARLEY 10 7 9 8 10 8 7 7 9 1872867
LUCA 7 9 8 7 8 9 10 9 9 1406962
MICHAEL 9 10 8 10 7 7 7 10 7 1885821
HUGO 9 8 7 10 9 10 9 8 7 1322242
LEWIS 10 10 10 9 10 7 7 10 10 1347188
FRANKIE 8 10 10 9 9 7 7 10 7 1473200
LUKE 10 10 8 9 8 9 7 8 10 1955137
STANLEY 9 10 10 9 10 8 9 8 8 1060728
TOMMY 7 9 7 9 7 9 8 10 8 1967600
JUDE 9 8 9 9 7 8 8 8 9 1746676
BLAKE 7 8 9 7 8 7 8 8 7 1432237
LOUIE 8 9 9 10 8 8 10 10 9 1346956
NATHAN 10 10 10 10 9 9 10 7 7 1966786
GABRIEL 7 7 8 7 8 8 10 8 9 1480400
CHARLES 9 10 8 8 10 8 7 10 8 1424850
BOBBY 8 8 9 10 9 10 10 7 7 1157644
MOHAMMAD 10 10 7 10 10 7 9 9 9 1029091
RYAN 7 8 10 8 10 7 9 7 8 1789195
TYLER 10 7 9 9 8 9 10 10 10 1072491
ELLIOTT 8 10 9 9 7 8 10 7 9 1538808
ALBERT 9 9 9 10 10 7 8 10 8 1389077
ELLIOT 9 8 9 10 7 10 10 7 7 1255648
RORY 10 7 9 9 10 7 9 7 8 1766306
ALEX 8 7 9 9 8 9 10 8 8 1352130
FREDERICK 10 9 9 8 9 10 9 7 9 1965386
OLLIE 8 7 10 9 8 8 8 8 7 1461233
LOUIS 7 10 10 8 8 8 8 10 7 1859078
DEXTER 10 7 8 7 7 8 10 10 10 1040761
JAXON 9 8 8 9 10 8 9 8 9 1305472
LIAM 8 9 8 8 7 8 8 8 7 1831966
JACKSON 9 10 8 8 10 8 9 8 8 1286445
CALLUM 10 10 7 7 8 9 10 10 10 1790158
RONNIE 9 9 9 10 10 9 8 10 10 1342068
LEON 9 7 10 9 9 10 10 10 10 1311194
KAI 10 7 10 7 8 7 10 7 9 1296616
AARON 10 7 9 9 10 7 8 7 7 1629059
ROMAN 9 8 10 9 10 7 8 9 8 1847788
AUSTIN 8 10 10 9 9 7 9 7 9 1145476
ELLIS 9 7 10 9 7 8 10 7 10 1918649
JAMIE 10 8 7 8 7 10 8 9 7 1384941
REGGIE 7 8 7 7 8 10 9 10 10 1890831
SETH 10 7 9 10 9 8 9 7 10 1578508
CARTER 10 10 7 7 8 9 7 9 8 1629457
FELIX 10 7 9 8 10 9 10 8 8 1592676
IBRAHIM 7 9 9 9 9 10 7 8 8 1741865
SONNY 8 7 7 9 8 10 7 8 10 1456925
KIAN 8 10 8 9 8 7 9 8 8 1257630
CALEB 9 9 10 8 8 8 7 8 8 1752174
CONNOR 10 8 7 10 10 8 7 8 9 1122785
OWEN 7 9 7 10 7 7 10 7 7 1554458
ARLO 9 10 8 10 10 8 8 9 7 1891770
DOMINIC 9 8 7 9 10 7 10 7 8 1262163
JASPER 9 9 8 9 10 10 8 7 7 1717306
ROBERT 10 8 8 10 9 10 8 7 8 1915355